habrahabr: 2.823361 0.403337
interview: 3.921973 0.560282
kukutz: 3.921973 0.560282
main: 3.921973 0.560282
rss: 3.228826 0.461261
www: 2.823361 0.403337
почему: 1.781907 0.254558
